[[  15.71428571   18.86904762   19.47619048    7.66666667    7.06293706
    15.            0.           15.26190476   19.37062937   10.58531746
    12.17663725   17.67857143    9.17456685   17.11111111   18.21428571
     6.87179487   13.36355595   11.69919439   10.00928793   12.90674603
     6.27082412    8.78030303   11.65674603   14.24242424   12.90674603
    14.04861111   11.18575851   10.76388889   11.01107226   10.73489011
    13.83241758   12.40909091    7.67857143   11.38888889    8.55313504
    12.82153331    9.66666667   15.83333333   11.89894419   12.11363636
    15.15972222   12.56818182   13.14102564   12.48992045    7.19306184
    16.13108859   11.65909091   12.9752235    10.74906832   11.41176471
    12.40909091    8.77272727   12.03030303   10.13888889    8.2221859
     6.70588235   15.39628483   11.18385093    9.55403214   12.56561086
     9.51388889    9.48785006   16.2797619    12.67857143   14.98611111
    13.24242424   15.28787879   15.55860806   12.24200206   16.91916264
    15.74242424   12.8228022    12.3752235    17.17133655   18.21428571
    10.52669553    9.55403214    7.83730159    3.21428571    9.93939394
     9.07575758    8.43027375   13.76190476   12.17663725    9.43939394
     2.13286713    9.55403214   10.59065934   10.60416667    9.59752322
    11.43589744   11.01107226   13.36355595    7.43370012   15.53291925
    10.13888889   14.39628483   23.47222222   21.50891936   21.21863354
    21.86495651   16.13108859   11.89813665   11.43589744   12.17663725
     9.48785006   11.15972222    8.76748252    9.01165958   12.7995338
     4.85722611   11.39323671   14.08799534   10.59065934    7.89828431
     5.49305556   11.23227753   10.59752322   19.47420635   10.58697318
    10.35027473   11.96428571    9.11111111   14.99242424    8.09551578
     6.98611111   12.40909091   10.56561086   10.           11.43589744
    18.9217033    13.76190476   11.54166667   14.33799534    9.004662
    11.39323671   14.77222468   16.60482655   15.54166667    6.43055556
    20.84848485    6.76587302    8.82983683    9.01165958   10.08034793
    10.59752322   14.98611111    8.41863354    6.75132864   11.84440559
    11.95454545    6.52639517   12.12334693   11.20238095   13.00237397
    27.61863354   20.51515152   12.17765568   17.31643357   18.32575758
    11.83531746   11.42857143   12.65282772   15.61481481    8.98714621
    12.30769231    6.62835249    8.25272025   13.34559387    6.00958919
    16.68956044   10.08034793    7.91575092   11.59752322   15.50421456
    15.28787879   10.43055556    5.06335404   10.00928793   12.12334693
    11.83678484   10.20604396    6.7239011    11.41176471    9.02771635
    13.55619968   11.21031746    9.88471673   10.59752322    9.55403214
    12.48120301    7.82051282    8.62121212    8.69837638    7.14285714
    14.80804954   13.39285714    8.21428571   11.50453366    9.55403214
     7.33882784    8.69813665   14.38385093   15.43956044   11.65674603
    13.88987174   14.04861111    6.3869969     4.78385093    8.69837638
     6.04861111   10.03478261   14.78431373   13.44230141   12.96611093
    11.23227753    6.87179487   12.40909091   10.43638508   19.67132867
     4.79876161   10.83104396    2.33333333    8.41863354   12.7995338
    10.74509804   11.70044677    7.77272727   22.67857143   10.00928793
    14.76347382   81.42857143   21.42857143   18.01857585   12.20512821
    13.30402576   17.66666667    6.52639517   13.31818182    5.11111111
    10.00928793   12.11363636    9.11111111   18.60416667    9.13291925
     7.38095238   13.0075188     6.87179487    6.86813187   11.65674603
    13.88987174   10.59065934    8.502331     11.84440559   13.21678322
     9.55403214   16.42857143   21.34920635   11.21031746    9.004662
    20.30952381   15.80804954   10.76388889   14.10402576    8.27272727
    15.80804954    7.3869969     6.87179487    7.96700597   11.61863354
    12.12334693   11.89813665    6.65604881    9.4696127     8.34690799
     9.54166667    8.39507395   13.97435897   13.83241758   12.74242424
     8.21428571   15.33799534   12.12334693   11.84926471    6.15384615
     8.30793471   17.64835165   14.70399209   15.44730392   11.04716611
    13.0952381    14.98611111   10.96270087    7.60714286   12.17663725
     7.6303729     9.34003631   12.7563317     6.54761905   13.76190476
    10.08034793   12.55555556   13.76190476    5.62280702    9.25
     6.92867318    8.38383838    8.54166667    7.06293706    7.88596491
     6.1025641    10.43638508   14.04861111   13.76190476   14.58333333
    24.54365079   12.65185185   25.71428571   20.98260357   12.33291925
    11.89894419    9.51388889   10.43939394   17.99825175   13.39285714
    14.86542443   16.2797619    11.21031746    9.07575758   10.90434783
    14.12587413   11.18385093   12.07142857   14.23951049   11.16258741
    11.61863354   12.26190476   10.71428571   10.98611111   11.21031746
     6.3869969     2.14285714    7.27272727   14.77222468    8.35081585
     7.83730159    7.3869969     1.66666667   15.54545455   14.80804954
    13.80804954   11.18385093    7.27272727    8.69837638    7.10851648
    20.01515152   14.504662     18.22222222   18.22222222    9.91006929
     7.67857143    8.85341615   15.6547619    13.39393939    7.70434783
     9.96565934    5.49813665   13.21428571   13.97435897    7.07142857
    10.21660281    8.02686995    7.73351648   11.5513834     6.86813187
    10.84926471   18.62121212    9.38697318    9.35964912   16.26698873
    16.86956522   18.32575758   11.20053065    8.88095238   13.21428571
     7.27272727    8.69813665    9.48785006   10.58531746    5.84038462
    10.66230748    5.74242424    6.20554825    8.62121212   15.15972222
    11.18575851   11.41176471   11.10165485    7.16113409   10.60416667
    14.58333333    9.1585213    13.34559387   12.52622378   11.23227753
     4.79876161   14.78431373   19.02777778   14.34726522   16.10119048
    14.504662      7.12121212   14.504662      8.62121212    8.62121212
    19.37062937   12.12334693   11.89813665   19.53030303   11.65409365
    13.57575758   13.36355595   19.92263267   17.69939555    9.01165958
     9.93939394   12.11363636   18.9020979     8.76748252   18.01863354
    15.89414886   16.13108859   11.35989011   12.67216117   12.2875817
    14.22222222   14.03947368   13.49305556   14.9047619    12.60485313
     3.          230.        ]]