[[   7.14285714   25.23809524   24.42857143    8.33333333    7.69230769
    30.            0.           20.28571429   23.07692308   13.25396825
    14.62242563   21.25         10.27459954   20.           23.75
     6.66666667   16.05042017   14.19017764   12.52631579   15.3968254
     6.52661064    9.83333333   15.3968254    16.66666667   15.3968254
    16.875        12.52631579   11.11111111   14.26573427   11.96428571
    16.78571429   15.5           8.75         11.11111111    9.53917051
    15.25345622   10.           16.66666667   14.07239819   14.           16.875
    14.           15.38461538   16.201373      8.19004525   18.97025172
    14.           16.19310345   13.42857143   11.76470588   13.63636364
     9.09090909   16.06060606   11.11111111   10.27459954    5.88235294
    17.78947368   13.42857143   11.28851541   14.07239819   11.11111111
    11.85354691   18.80952381   15.           18.75         15.3030303
    19.66666667   18.97435897   14.92260062   21.12721417   19.66666667
    15.53571429   14.99310345   22.431562     23.75         13.37662338
    11.28851541    9.84126984    5.           12.42424242   11.33333333
    10.01610306   17.28571429   14.62242563   12.42424242    2.72727273
    11.28851541   13.21428571   11.875        10.52631579   13.33333333
    14.26573427   16.05042017    8.93869479   18.85714286   11.11111111
    15.78947368   27.77777778   25.57422969   25.42857143   27.33893557
    18.97025172   14.85714286   13.33333333   14.62242563   11.85354691
    11.875        10.41958042   11.85354691   16.06060606    6.57342657
    13.71980676   18.11188811   13.21428571   10.20833333    6.875
    14.07239819   12.52631579   24.36507937   12.74482759   11.96428571
    15.           10.           18.16666667    9.7495056     8.75
    13.63636364   14.07239819   12.5          13.33333333   22.67857143
    17.28571429   13.75         16.06060606    9.39393939   13.71980676
    17.81512605   19.95475113   18.75          8.75         26.06060606
     7.6984127    12.12121212   11.85354691   11.28851541   12.52631579
    18.75          9.42857143    7.56272401   14.26573427   15.5
     8.19004525   15.12544803   13.57142857   16.22119816   33.42857143
    24.39393939   15.64102564   20.59440559   22.33333333   13.25396825
    12.5          14.62242563   18.51851852   10.78853047   15.38461538
     6.89655172    9.92628993   16.19310345    7.50572082   20.35714286
    11.28851541    8.97435897   14.52631579   18.44137931   19.66666667
    13.75          6.85714286   12.52631579   15.12544803   14.42260442
    13.21428571    8.39285714   11.76470588   11.28851541   17.42351047
    13.25396825   11.78030303   12.52631579   11.28851541   14.28571429
    11.02564103   11.33333333   10.27459954    6.25         17.78947368
    15.            7.14285714   13.15569488   11.28851541    7.82051282
    10.85714286   17.42857143   17.85714286   15.3968254    16.05042017
    16.875         7.26315789    5.42857143   10.27459954    6.875        12.
    17.64705882   16.201373     16.201373     14.07239819    6.66666667
    15.5          13.05322129   22.72727273    5.26315789   14.46428571
     3.            9.42857143   16.06060606   11.76470588   14.62242563
     9.09090909   27.5          12.52631579   18.44137931  100.           25.
    21.05263158   13.33333333   16.11916264   20.            8.19004525
    15.5           5.           12.52631579   14.           10.           21.875
    10.85714286    7.14285714   14.28571429    6.66666667    7.14285714
    15.3968254    16.05042017   13.21428571    9.05594406   14.26573427
    15.38461538   11.28851541   18.75         24.36507937   13.25396825
     9.39393939   24.42857143   19.78947368   11.11111111   16.11916264
     9.09090909   19.78947368    9.26315789    6.66666667    9.92628993
    13.42857143   15.12544803   14.85714286    7.09508882   12.19435737
    10.49773756   12.08333333    9.90598714   18.71794872   16.78571429
    15.3030303    11.25         18.11188811   15.12544803   14.76470588
     7.69230769   10.35230352   21.15384615   18.35125448   18.54166667
    13.16636852   14.28571429   18.75         13.05322129    9.46428571
    14.62242563    8.77165961   10.50691244   14.82638889    7.14285714
    17.28571429   11.28851541   15.           17.28571429    6.66666667
    10.            7.71978022    9.09090909   12.08333333    7.69230769
     9.16666667    6.66666667   13.05322129   16.875        17.28571429
    16.66666667   29.92063492   14.81481481   31.25         25.57422969
    14.85714286   14.07239819   11.11111111   12.42424242   21.95804196
    15.           17.39130435   18.80952381   13.25396825   11.33333333
    12.           15.38461538   13.42857143   14.64285714   16.74825175
    12.9020979    13.42857143   14.28571429   12.5          13.75
    13.25396825    7.26315789    4.28571429    9.09090909   17.81512605
    10.41958042    9.84126984    9.26315789    3.33333333   18.18181818
    17.78947368   15.78947368   13.42857143    9.09090909   10.27459954
     8.39285714   24.39393939   18.11188811   20.           20.
    13.05322129    8.75          9.42857143   18.80952381   18.78787879
     8.           11.96428571    6.85714286   17.5          18.71794872
     8.39285714   12.74482759    9.56548536    9.64285714   13.86363636
     7.14285714   12.76470588   23.83333333   10.34482759   11.66666667
    19.82286634   20.           22.33333333   14.33179724   10.14285714
    17.5           9.09090909   10.85714286   11.85354691   13.25396825
     7.01923077   13.04130163    7.16666667    8.12957158   11.33333333
    16.875        12.52631579   11.76470588   12.76595745    8.44919786
    11.875        16.66666667   11.10275689   16.19310345   15.62937063
    14.07239819    5.26315789   17.64705882   22.22222222   17.55417957
    20.95238095   18.11188811    8.33333333   18.11188811   11.33333333
    11.33333333   23.07692308   15.12544803   14.85714286   23.83333333
    14.53479853   16.96969697   16.05042017   24.89702517   20.81232493
    11.85354691   12.42424242   14.           22.72727273   10.41958042
    21.42857143   19.07834101   18.97025172   13.21428571   14.48717949
    13.88888889   15.           17.5          16.875        17.76785714
    16.19310345    4.          340.        ]
 [  24.28571429   12.5          14.52380952    7.            6.43356643
     0.            0.           10.23809524   15.66433566    7.91666667
     9.73084886   14.10714286    8.07453416   14.22222222   12.67857143
     7.07692308   10.67669173    9.20821114    7.49226006   10.41666667
     6.01503759    7.72727273    7.91666667   11.81818182   10.41666667
    11.22222222    9.84520124   10.41666667    7.75641026    9.50549451
    10.87912088    9.31818182    6.60714286   11.66666667    7.56709957
    10.38961039    9.33333333   15.            9.7254902    10.22727273
    13.44444444   11.13636364   10.8974359     8.77846791    6.19607843
    13.29192547    9.31818182    9.75734355    8.06956522   11.05882353
    11.18181818    8.45454545    8.            9.16666667    6.16977226
     7.52941176   13.00309598    8.93913043    7.81954887   11.05882353
     7.91666667    7.12215321   13.75         10.35714286   11.22222222
    11.18181818   10.90909091   12.14285714    9.56140351   12.71111111
    11.81818182   10.10989011    9.75734355   11.91111111   12.67857143
     7.67676768    7.81954887    5.83333333    1.42857143    7.45454545
     6.81818182    6.84444444   10.23809524    9.73084886    6.45454545
     1.53846154    7.81954887    7.96703297    9.33333333    8.66873065
     9.53846154    7.75641026   10.67669173    5.92870544   12.20869565
     9.16666667   13.00309598   19.16666667   17.44360902   17.00869565
    16.39097744   13.29192547    8.93913043    9.53846154    9.73084886
     7.12215321   10.44444444    7.11538462    6.16977226    9.53846154
     3.14102564    9.06666667   10.06410256    7.96703297    5.58823529
     4.11111111    8.39215686    8.66873065   14.58333333    8.42911877
     8.73626374    8.92857143    8.22222222   11.81818182    6.44152595
     5.22222222   11.18181818    7.05882353    7.5           9.53846154
    15.16483516   10.23809524    9.33333333   12.61538462    8.61538462
     9.06666667   11.72932331   13.25490196   12.33333333    4.11111111
    15.63636364    5.83333333    5.53846154    6.16977226    8.87218045
     8.66873065   11.22222222    7.40869565    5.93993326    9.42307692
     8.40909091    4.8627451     9.12124583    8.83333333    9.78354978
    21.80869565   16.63636364    8.71428571   14.03846154   14.31818182
    10.41666667   10.35714286   10.68322981   12.71111111    7.18576196
     9.23076923    6.36015326    6.57915058   10.49808429    4.51345756
    13.02197802    8.87218045    6.85714286    8.66873065   12.56704981
    10.90909091    7.11111111    3.26956522    7.49226006    9.12124583
     9.25096525    7.1978022     5.05494505   11.05882353    6.76691729
     9.68888889    9.16666667    7.98913043    8.66873065    7.81954887
    10.67669173    4.61538462    5.90909091    7.12215321    8.03571429
    11.82662539   11.78571429    9.28571429    9.85337243    7.81954887
     6.85714286    6.53913043   11.33913043   13.02197802    7.91666667
    11.72932331   11.22222222    5.51083591    4.13913043    7.12215321
     5.22222222    8.06956522   11.92156863   10.68322981    9.73084886
     8.39215686    7.07692308    9.31818182    7.81954887   16.61538462
     4.33436533    7.1978022     1.66666667    7.40869565    9.53846154
     9.7254902     8.77846791    6.45454545   17.85714286    7.49226006
    11.08556833   62.85714286   17.85714286   14.98452012   11.07692308
    10.48888889   15.33333333    4.8627451    11.13636364    5.22222222
     7.49226006   10.22727273    8.22222222   15.33333333    7.40869565
     7.61904762   11.72932331    7.07692308    6.59340659    7.91666667
    11.72932331    7.96703297    7.94871795    9.42307692   11.04895105
     7.81954887   14.10714286   18.33333333    9.16666667    8.61538462
    16.19047619   11.82662539   10.41666667   12.08888889    7.45454545
    11.82662539    5.51083591    7.07692308    6.00772201    9.80869565
     9.12124583    8.93913043    6.2170088     6.74486804    6.19607843
     7.            6.88416076    9.23076923   10.87912088   10.18181818
     5.17857143   12.56410256    9.12124583    8.93382353    4.61538462
     6.26356589   14.14285714   11.0567297    12.35294118    8.9279637
    11.9047619    11.22222222    8.87218045    5.75          9.73084886
     6.4890862     8.17316017   10.68627451    5.95238095   10.23809524
     8.87218045   10.11111111   10.23809524    4.57894737    8.5
     6.13756614    7.67676768    5.            6.43356643    6.60526316
     5.53846154    7.81954887   11.22222222   10.23809524   12.5
    19.16666667   10.48888889   20.17857143   16.39097744    9.80869565
     9.7254902     7.91666667    8.45454545   14.03846154   11.78571429
    12.33954451   13.75          9.16666667    6.81818182    9.80869565
    12.86713287    8.93913043    9.5          11.73076923    9.42307692
     9.80869565   10.23809524    8.92857143    8.22222222    9.16666667
     5.51083591    0.            5.45454545   11.72932331    6.28205128
     5.83333333    5.51083591    0.           12.90909091   11.82662539
    11.82662539    8.93913043    5.45454545    7.12215321    5.82417582
    15.63636364   10.8974359    16.44444444   16.44444444    6.76691729
     6.60714286    8.27826087   12.5           8.            7.40869565
     7.96703297    4.13913043    8.92857143    9.23076923    5.75
     7.68837803    6.48825453    5.82417582    9.23913043    6.59340659
     8.93382353   13.40909091    8.42911877    7.05263158   12.71111111
    13.73913043   14.31818182    8.06926407    7.61904762    8.92857143
     5.45454545    6.53913043    7.12215321    7.91666667    4.66153846
     8.28331333    4.31818182    4.28152493    5.90909091   13.44444444
     9.84520124   11.05882353    9.43735225    5.87307033    9.33333333
    12.5           7.21428571   10.49808429    9.42307692    8.39215686
     4.33436533   11.92156863   15.83333333   11.14035088   11.25
    10.8974359     5.90909091   10.8974359     5.90909091    5.90909091
    15.66433566    9.12124583    8.93913043   15.22727273    8.77338877
    10.18181818   10.67669173   14.94824017   14.58646617    6.16977226
     7.45454545   10.22727273   15.07692308    7.11538462   14.60869565
    12.70995671   13.29192547    9.50549451   10.85714286   10.68627451
    13.44444444   10.57894737   10.11111111   12.04166667    9.01660281
     2.          120.        ]]